189631	542437	669191	679602	416171	915891	516827	629673	882384	825674
585930	14012	693807	91183	194859	253138	785286	440558	609392	313593	
680934	265748	543958	400535	866478	146847	131964	66075	242853	15741	
793264	679970	975422	195738	23784	894458	41867	270953	520248	230837	
57633	88803	384951	524240	649622	907635	255289	26940	714331	184502	
657230	461932	216742	997298	553559	709855	575040	753307	96167	189578	
403565	191642	470728	250721	283819	818759	568632	368324	304451	37518	
809597	9102	757145	411253	154512	795610	910150	176512	352019	419433	
619287	391398	30598	419806	814388	20624	598055	949226	24616	752841	
190090	977556	931877	73403	564528	67755	121127	595250	795120	248227	
847814	768959	59486	225551	129612	112943	625132	845809	12233	444098	
341029	816763	304990	53820	566003	734753	125546	136006	833478	822942	
143143	752360	476169	203515	642014	591068	182191	663166	259567	951765	
642738	211330	763070	497644	913694	312184	514926	306033	891891	421449	
333128	218122	266698	844046	595474	652574	993986	357548	144729	202758	
673875	951545	792689	173617	388338	723696	999542	931876	117529	355913	
647453	868335	353279	949692	289992	381038	462295	108777	996834	849137	
857651	6022	393745	524916	259155	974428	432528	454847	204796	448247	
778550	501598	737365	608266	505118	266215	92215	624909	996634	652127	
112205	629075	514709	261709	309002	349158	299598	263606	64477	794407	
151581	86720	406888	421819	281853	121431	889501	498995	825306	877852	
95626	734049	19226	538291	401076	61080	247329	928983	153489	99847	
73666	589083	664752	704479	794788	514746	536021	16583	523038	989117	
71130	740213	596989	187568	991425	214144	148440	742661	665285	471738	
765351	157137	548122	737976	495452	906847	292265	69178	621836	245167	
484426	493520	322379	978077	63910	115363	741748	480970	443941	58991	
894315	694452	543156	432657	912656	935750	249340	183522	181308	195663	
308371	662070	895226	739988	896774	214188	557076	162757	141680	771104	
830787	156654	714741	292681	248988	409281	619725	436303	221912	708283	
946407	445060	521982	791648	574376	271661	653732	892346	606008	910612	
636487	442933	244789	569516	13357	638135	330973	808356	310598	50804	
789773	329113	622214	930180	279807	945756	243803	84674	371629	425139	
830572	117476	263201	756192	267137	316320	659166	129738	696751	696253	
103284	961069	138553	965473	222267	867308	965608	339999	890397	758066	
424456	386080	783512	123630	681991	194009	191791	587130	412069	704862	
398576	740047	290317	786541	299758	153586	301810	142716	548166	343417	
597105	32993	971554	419228	708341	584810	9598	970193	354302	101059	
650810	882217	64981	411384	448965	517602	666026	976640	868729	177172	
622395	203910	859107	576142	360490	226512	690349	609888	701292	873984	
491029	633659	50001	951668	572232	323303	662055	709301	735586	944170	
885133	837643	843275	886275	310865	257019	118375	644077	642845	834172	
86545	835218	143631	591854	403712	880614	821554	725690	633038	433959	
912984	408989	166504	161059	401436	254907	162821	290955	258876	908954	
887260	790280	740208	525458	116358	587458	96023	157369	762355	908004	
665168	672344	858053	682564	716442	771142	689170	612368	260288	340010	
470973	888172	566867	410087	799350	9792	840961	435430	227442	922963	
389175	445016	760346	198254	28137	572920	203242	47174	672456	834935	
710360	748375	753402	480012	12950	578043	139647	822360	524046	265292	
471614	526941	681726	386385	212803	608378	432258	548499	579362	139857	
395447	849166	953946	968480	511027	989602	651028	950156	947897	756711	
795854	483352	499272	389691	386641	410755	865350	820810	503759	410008	
999142	761258	346204	6269	55222	367571	185231	260939	836016	30813	
840288	87957	44866	758813	770737	480861	333875	168115	523064	105923	
648988	979171	447104	816895	54955	174202	641277	523935	429426	481186	
198307	79062	718453	191255	90433	407395	793002	872881	689204	40626	
688961	511184	882709	911550	138692	587826	703322	857704	818982	689011	
717061	139465	217498	974129	52878	95840	560467	300183	388305	218349	
494562	654836	807735	279240	80200	902443	339938	872413	25660	89128	
763286	809808	860448	481032	891841	68927	311353	60774	719136	331789	
862090	843503	39269	572193	116649	388792	940653	470062	714451	729113	
925008	275474	340118	640885	207850	975622	515367	651569	762491	649384	
846899	920327	867823	370557	719576	782868	179080	896828	146262	383189	
560063	208193	210462	602392	751067	312786	718524	991865	319340	717106	
37210	857239	651207	939936	2724	426909	708091	25251	181178	392736	
867757	756668	709555	542362	640796	14673	960399	35613	956369	399458	
250302	641796	90650	601169	46928	724842	318514	681439	584373	577650	
944526	212946	463943	915352	530623	660440	710269	627704	800940	106322	
5560	726404	512682	589892	92603	173759	233417	111738	398820	784177	
208310	175763	189122	396479	936637	868765	847592	430589	279505	997396	
841334	242093	789013	695054	924120	804247	11335	392932	233966	592802	
804843	787836	148369	828429	239644	566467	931772	246173	943956	411914	
356754	338050	987718	918123	145584	635507	992581	703470	22293	398527	
460464	894928	771754	720086	943139	603703	923376	880856	989741	905247	
104664	266041	746933	284939	347771	858315	556047	777966	440582	211675	
77247	36130	649494	938235	456912	221978	982215	185268	146540	673069	
84156	781837	732516	56203	765545	387742	470362	583753	880182	208745	
585341	240689	696458	230341	919353	257773	523528	425481	374959	649619	
17046	290380	663154	168233	272710	998683	217484	671606	73036	979600	
8551	499557	430398	399328	61924	413	351503	151128	856335	201073	
457058	55777	243460	188906	960449	502341	812809	376528	260679	680367	
906314	944400	873414	980885	708944	713542	109109	308435	974141	897385	
797205	877867	595573	477930	733418	912587	695054	644526	11783	506638	
707093	520139	135173	44793	433507	257506	844318	909364	340210	77699	
44755	203954	913724	405391	593974	384274	113613	844922	940005	732891	
333929	275134	611706	606164	721710	509120	558725	329284	571800	400822	
584077	419800	520747	291805	341238	131656	832942	985187	506819	234786	
928248	125576	111077	722559	800215	389234	480088	722232	737333	739555	
247125	490514	41004	158399	568881	38677	331244	514119	549500	556539	
185172	610569	625882	121357	230345	943085	35428	120004	338527	854240	
419760	550024	685021	610737	191241	121031	362954	745266	224162	929828	
589473	432224	406917	997960	316368	227917	499333	451355	181424	107417	
30859	652984	384239	516633	592485	851852	940463	251537	985061	457078	
353581	748363	167762	591142	602422	297934	835009	593295	589178	23187	
759271	15389	348997	352675	949724	816382	697463	150102	613300	553019	
563710	344320	191554	431131	520786	601237	64958	504096	530991	979355	
362808	158915	64726	646632	957138	71678	440478	481904	892170	609526	
930695	674238	817947	457089	446540	380114	636726	108822	537448	622701	
116186	382527	888489	634997	194076	6486	184391	286158	937447	900619	
461848	899967	265932	655601	203372	803778	735918	210098	724944	867585	
503744	9195	209325	991959	70970	108316	748753	137271	123720	432896	
560546	960678	723446	471102	855633	741232	765280	578271	949810	54871	
946864	821128	454026	744945	941620	918301	185482	237195	508751	733801	
522950	513432	868541	856330	939737	782912	21337	329542	594351	903766	
712020	948493	690054	578694	859612	62568	751558	230529	153943	145476	
705131	998716	335204	865434	347240	769178	717442	930598	733265	874719	
224751	380623	962140	61239	216134	885883	728964	539666	477192	619584	
164590	135199	938098	919479	565637	935767	379918	967445	659361	553574	
795490	215128	728599	74983	56063	151330	821909	973804	835417	109404	
529068	687804	139485	472016	146129	554360	840866	886693	148207	450510	
884962	608069	258583	392037	725816	316118	911677	395072	654217	676020	
884074	732502	479762	12433	337948	615154	820178	333096	885387	869834	
617518	234482	510998	207477	707013	519046	942777	869957	700678	920442	
664508	458046	882112	644448	518196	172325	89035	340054	203079	527763	
535645	921288	335413	237014	61383	268984	982264	876608	451870	622720	
842815	984849	789016	267345	976033	544389	202152	303228	615828	164877	
545562	638705	316219	323961	149147	163636	62684	585462	474903	68722	
998237	541212	58310	833377	760384	519680	70458	308239	860917	796069	
282878	135250	335481	919170	264309	764369	419550	471171	905806	912229	
986663	197615	843806	709627	905143	768655	585399	648433	6039	211106	
816139	434996	24280	714825	108721	339649	870409	201002	793331	944215	
31192	454036	649681	113930	533337	676175	233269	82009	77482	462324	
824042	544616	195525	411602	499367	975373	139433	327509	21938	423917	
41684	504236	510188	675200	81394	587792	990489	954756	63697	86552	
656909	944646	590232	793170	206027	858017	35013	868092	173335	712938	
307782	815830	769398	473314	456002	506288	773235	855990	863086	529032	
449265	655052	35392	476013	569060	817108	218302	723975	57559	199890	
849086	834486	800960	356216	883977	276124	472686	191968	691308	359013	
350424	415916	647325	719401	600113	395604	949093	894294	844464	244784	
552386	93468	63462	920223	224914	377070	777310	362169	476519	229539	
208944	961964	753094	961664	805023	207303	561215	120085	886416	831102	
556798	371123	977875	332403	746474	915	238285	627409	852857	615418	
784683	37482	75619	901551	89271	323321	817296	485810	585459	818232	
491491	910336	549674	240294	754312	486965	340970	167376	107286	695801	
470103	454583	206994	6698	491741	469411	639320	406879	524198	137906	
909978	402086	492080	285646	329345	935437	818946	356694	341142	565759	
560890	822691	247942	503812	589421	477450	177316	313995	527340	978314	
852381	895319	331973	642525	135806	527419	152903	847458	907446	589273	
58250	112716	231396	694698	360064	539130	25859	37534	151868	947942	
523689	14834	505838	116663	977866	530950	296172	998373	423667	148705	
259933	266046	805986	133534	111470	801584	454864	360372	898416	502093	
748187	448568	490474	800530	233119	158238	778412	426154	593273	619506	
733216	751344	138175	551286	893094	2503	356240	176057	403816	940104	
190669	199584	36650	565926	606972	136209	66341	388275	868365	612213	
517690	116224	42250	789523	745881	83793	976120	122526	952438	19871	
168668	69927	631841	976382	453867	345304	974480	53027	555772	571564	
591560	675733	258470	944116	919915	455882	572286	506333	517573	758714	
701102	446988	396789	990213	784234	520272	596789	874320	472779	74970	
778829	817050	485912	217911	627082	911439	938489	136993	277789	464975	
929126	65043	909972	425622	123755	100960	651941	438347	581993	335301	
270430	399975	823313	381283	92018	199923	915189	14671	603062	747312	
631473	381366	895401	278833	726906	166039	631702	891221	451155	465260	
145787	384382	35890	893994	680426	645609	603386	199277	657356	47714	
937241	140493	850616	835400	88595	696667	721866	905884	78516	304308	
718589	728968	849728	160404	710461	186842	109263	242344	327344	935634	
677241	231576	103001	969075	871851	805124	26430	976491	997488	154983	
679830	690421	923002	347825	405543	413731	434862	303149	416320	959426	
89711	705529	251930	943640	481216	897987	408231	662758	270427	661039	
411743	433050	100449	666263	626250	653224	146966	398538	329419	387137	
404739	272150	357357	66774	135329	105349	233777	439671	703819	731117	
834300	348829	708765	930734	444791	577076	984917	272477	311873	993019	
444467	908141	103056	508167	410286	360128	439221	993518	593674	104748	
513138	259872	787006	74	459390	246160	677142	349570	256935	645332	
780552	249612	231920	970675	448512	728498	429133	889821	174125	850917	
20371	150163	782892	163674	980585	792067	872866	800039	81814	213275	
424540	817686	547096	659332	990925	208821	430465	976170	450333	673336	
701800	572210	183029	864668	373894	561059	246668	751922	454335	381505	
284399	310472	232153	227516	747986	205191	155528	58788	216254	118831	
211511	20362	128961	88829	469410	81165	368544	325250	616094	248650	
598899	971163	980750	768994	897833	529006	872883	731928	255171	212930	
785271	522537	88649	918755	625487	195736	157705	799736	823628	121520	
154664	629210	178654	544072	531415	9387	558486	176871	508045	746771	
215970	819073	468637	788361	167203	860611	295691	352288	855328	352349	
897834	899457	418454	66353	677700	259034	549262	916612	306496	223635	
183052	494659	636947	202085	195571	207284	788435	266815	579540	945297	
720303	676325	391601	180460	311026	393626	668295	855671	789219	84613	
227482	566175	442035	485719	566712	673613	819191	381123	845508	374628	
179373	84472	702417	869273	22852	897662	303298	896673	607083	142764	
852553	272408	940460	293317	893257	226181	838760	959602	712403	333267	
413085	330356	544637	182119	343666	765261	552658	527177	584054	737785	
600419	412898	378841	293908	713687	316031	467641	606485	484047	839607	
17065	431441	712617	857458	149619	961010	97208	230363	456365	209346	
673380	832581	347725	769653	205850	196431	741490	96492	938018	593340	
619454	895307	154132	561585	954086	778929	964597	872071	49843	618079	
990020	254431	439624	891216	840878	666863	369363	203628	158950	148975	
20117	916733	488920	737274	401246	110743	863965	381558	361393	383144	
861313	541893	768984	378411	104625	977827	514036	385930	605658	25848	
167494	328821	654553	235868	731084	481920	453543	542870	800786	658655	
717432	429603	254814	804817	133953	203742	181339	563989	892155	713525	
212184	900775	282041	756369	558121	64610	696400	435814	162211	327419	
273480	152572	282707	267503	677004	981186	7032	413151	100200	127855	
969038	781225	486420	597036	348733	614075	931388	535549	453114	440636	
846038	722911	195491	226348	690405	254523	597860	245314	373699	733614	
850338	376825	611294	451635	451908	790360	263757	600200	242348	46564	
860392	523274	274881	50443	99918	819206	117590	381331	271903	988988	
731535	280693	425827	943039	128481	498823	613279	906264	349650	214857	
761278	287413	500686	29380	634716	86281	185667	291475	386514	39347	
887781	874587	859780	284495	353268	530711	619330	226822	861691	698700	
325503	69520	720970	776700	413970	916885	283216	21805	423447	988432	
143952	420342	655700	773297	342392	349777	467569	592410	690344	329355	
536706	581246	422566	403011	349311	529979	817462	896229	473735	184947